0,0,0,black
28,28,28,black
54,54,54,black
79,79,79,black
250,240,245,pink
255,228,225,pink
255,181,197,pink
255,110,180,pink
255,174,185,pink
255,255,255,white
255,255,240,white
211,211,211,gray
190,190,190,gray
100,149,237,blue
132,112,255,blue
0,0,255,blue
30,144,255,blue
0,0,205,blue
0,191,255,blue
135,206,250,blue
0,255,255,blue
0,255,0,green
154,205,50,green
34,139,34,green
0,250,154,green
78,238,148,green
46,139,87,green
0,238,118,green
0,238,0,green
0,139,0,green
69,139,0,green
255,255,0,yellow
255,215,0,yellow
255,185,15,yellow
255,165,0,yellow
255,0,0,red
238,0,0,red
205,0,0,red
139,0,0,red
255,62,150,red
155,48,255,purple
171,130,255,purple
125,38,205,purple
224,102,255,purple
255,0,255,purple
160,32,240,purple
238,130,238,purple
255,165,79,brown
205,133,63,brown
255,127,36,brown
205,102,29,brown
139,69,19,brown
139,35,35,brown
205,102,0,brown
253,251,251,white
242,233,228,white
243,239,227,white
229,224,221,white
248,249,254,white
61,13,3,red
128,24,24,red
174,32,26,red
209,23,23,red
255,242,39,yellow
249,217,94,yellow
252,234,4,yellow
255,183,9,yellow
247,224,23,yellow
254,242,0,yellow
246,191,39,yellow
255,215,12,yellow
255,166,0,yellow
139,119,101,brown
255,128,0,brown
255,127,0,brown
127,107,48,brown
252,79,19,brown
255,102,0,brown
255,103,0,brown
255,122,1,brown
254,101,33,brown
255,153,0,brown
255,103,0,brown
